4.14354 0.00101559 0.00187105 -0.000483369
8.24454 0.00201559 0.00375164 -0.000483574
12.2597 0.00301559 0.00567277 -0.000482243
16.1223 0.00401559 0.00770119 -0.000478082
19.7727 0.00501559 0.00980936 -0.000467427
23.1562 0.00601559 0.0120046 -0.000449273
26.3326 0.00701559 0.0141657 -0.000429128
29.3693 0.00801559 0.0163383 -0.000403012
32.3297 0.00901559 0.0185522 -0.000373431
35.2228 0.0100156 0.020796 -0.000340093
38.0623 0.0110156 0.0230901 -0.000302341
40.8547 0.0120156 0.0253876 -0.000261595
43.6114 0.0130156 0.0277143 -0.000213156
46.3151 0.0140156 0.0300508 -0.000160924
48.9696 0.0150156 0.0323682 -0.000107781
51.5878 0.0160156 0.0347069 -5.29729e-05
54.1636 0.0170156 0.0370732 9.36389e-06
56.7223 0.0180156 0.0394353 7.24595e-05
59.2491 0.0190156 0.0418047 0.000139509
61.7365 0.0200156 0.0442395 0.000198405
64.182 0.0210156 0.0467074 0.000256352
66.5839 0.0220156 0.0492238 0.000316742
68.9639 0.0230156 0.0517377 0.000377524
71.32 0.0240156 0.0542542 0.000438989
73.6509 0.0250156 0.0567847 0.000501265
75.9468 0.0260156 0.0593859 0.000563142
78.2154 0.0270156 0.0619388 0.00062468
80.4692 0.0280156 0.0644699 0.000687268
82.701 0.0290156 0.0670124 0.000750048
84.9067 0.0300156 0.0695756 0.000810679
87.0867 0.0310156 0.0721552 0.000872702
89.2409 0.0320156 0.0747677 0.000934695
91.3778 0.0330156 0.0773582 0.000993015
93.4921 0.0340156 0.07997 0.00105099
95.5752 0.0350156 0.0826443 0.00110979
97.6469 0.0360156 0.0853014 0.00117926
99.7007 0.0370156 0.087986 0.00123855
101.725 0.0380156 0.0907542 0.00129429
103.722 0.0390156 0.0936081 0.00135117
105.695 0.0400156 0.0965222 0.00140728
107.642 0.0410156 0.0994916 0.00146388
109.562 0.0420156 0.102524 0.00152152
111.453 0.0430156 0.105632 0.00158017
113.295 0.0440156 0.108928 0.00162835
115.11 0.0450156 0.112317 0.00167669
116.896 0.0460156 0.115814 0.00173201
118.667 0.0470156 0.119395 0.00179759
120.369 0.0480156 0.123216 0.0018245
122.038 0.0490156 0.127223 0.00185111
123.675 0.0500156 0.131403 0.00187524
125.273 0.0510156 0.135718 0.0019185
126.872 0.0520156 0.140067 0.00198562
128.432 0.0530156 0.144537 0.00202821
129.959 0.0540156 0.14916 0.0020703
131.472 0.0550156 0.153872 0.00209716
132.971 0.0560156 0.15852 0.0021277
134.436 0.0570156 0.163246 0.00215524
135.855 0.0580156 0.16812 0.00218493
137.232 0.0590156 0.17321 0.0022368
138.568 0.0600156 0.17844 0.00229045
139.924 0.0610156 0.183424 0.00233806
141.235 0.0620156 0.188482 0.00238596
142.504 0.0630156 0.193613 0.00243528
143.76 0.0640156 0.198598 0.00250888
144.974 0.0650156 0.203697 0.00258832
146.11 0.0660156 0.208873 0.0026137
147.18 0.0670156 0.214339 0.00253956
148.208 0.0680156 0.219745 0.00244463
149.174 0.0690156 0.225278 0.00233448
150.17 0.0700156 0.230901 0.00235881
151.117 0.0710156 0.236863 0.00232915
151.969 0.0720156 0.243271 0.00228902
152.626 0.0730156 0.249619 0.00214309
153.17 0.0740156 0.25662 0.00206992
153.891 0.0750156 0.263842 0.00215844
154.465 0.0760156 0.271376 0.00217398
154.957 0.0770156 0.278359 0.00209773
154.616 0.0780156 0.288137 0.00300446
155.857 0.0790156 0.295957 0.00298757
156.794 0.0800156 0.304388 0.00294548
157.418 0.0810156 0.3143 0.00288788
155.266 0.0820156 0.353567 0.00249677
155.596 0.0830156 0.378018 0.00242482
153.846 0.0840156 0.482037 0.00154754
156.224 0.0850156 0.471748 0.00593332
157.88 0.0860156 0.477023 0.00575184
159.405 0.0870156 0.481254 0.00557341
160.828 0.0880156 0.485617 0.00542803
162.056 0.0890156 0.490519 0.00532589
163.158 0.0900156 0.495927 0.00525823
164.18 0.0910156 0.502039 0.00524066
165.087 0.0920156 0.510094 0.00528225
165.801 0.0930156 0.520401 0.00534245
166.387 0.0940156 0.531909 0.005407
166.912 0.0950156 0.545107 0.00542239
167.48 0.0960156 0.558139 0.00590108
167.932 0.0970156 0.572562 0.00611129
168.329 0.0980156 0.588287 0.00630132
168.64 0.0990156 0.605347 0.0064887
168.938 0.100016 0.622293 0.00669356
169.212 0.101016 0.639481 0.00677186
169.445 0.102016 0.655968 0.00707606
169.65 0.103016 0.672131 0.0072323
169.925 0.104016 0.690364 0.00757553
170.166 0.105016 0.708771 0.00781156
170.45 0.106016 0.727618 0.00812133
170.78 0.107016 0.747484 0.00838058
171.065 0.108016 0.767448 0.0086424
171.342 0.109016 0.788904 0.00879654
171.635 0.110016 0.811705 0.00905401
171.912 0.111016 0.835748 0.00897553
172.21 0.112016 0.859728 0.00926028
172.506 0.113016 0.882134 0.00941773
172.793 0.114016 0.90343 0.00952417
173.098 0.115016 0.925768 0.00974356
173.312 0.116016 0.94766 0.00978341
173.514 0.117016 0.970972 0.00997523
173.162 0.118016 1.0148 0.0100402
173.389 0.119016 1.04183 0.0103075
173.612 0.120016 1.06906 0.0104708
173.807 0.121016 1.09838 0.0106458
173.925 0.122016 1.13115 0.0108857
174.105 0.123016 1.16481 0.0112608
174.609 0.124016 1.17607 0.0114231
175.189 0.125016 1.18788 0.0114373
175.701 0.126016 1.20144 0.0114715
176.117 0.127016 1.22147 0.0116381
176.492 0.128016 1.24165 0.0117411
176.866 0.129016 1.26288 0.0119809
177.197 0.130016 1.28537 0.0121607
177.542 0.131016 1.30765 0.0123643
177.859 0.132016 1.33153 0.0126001
178.176 0.133016 1.35582 0.0127971
178.457 0.134016 1.381 0.0130389
178.733 0.135016 1.40645 0.0133077
179 0.136016 1.43207 0.0136237
179.244 0.137016 1.45696 0.0137864
179.51 0.138016 1.48233 0.0140758
179.746 0.139016 1.50789 0.0142378
179.99 0.140016 1.53427 0.014528
180.212 0.141016 1.56019 0.0147047
180.448 0.142016 1.58696 0.0150244
180.657 0.143016 1.61313 0.0151952
180.886 0.144016 1.63905 0.0155481
181.098 0.145016 1.66524 0.0157357
181.299 0.146016 1.69177 0.0159023
181.489 0.147016 1.71815 0.0160608
181.669 0.148016 1.74477 0.0162338
181.837 0.149016 1.77213 0.0164146
182 0.150016 1.79689 0.0164357
182.172 0.151016 1.82298 0.0164597
182.342 0.152016 1.8491 0.016416
182.507 0.153016 1.87731 0.0163504
182.713 0.154016 1.90563 0.0162713
182.922 0.155016 1.9351 0.0161737
183.136 0.156016 1.96297 0.0160807
183.352 0.157016 1.9929 0.0159646
183.56 0.158016 2.02236 0.0157936
183.779 0.159016 2.05324 0.0156703
183.987 0.160016 2.08261 0.0155703
184.187 0.161016 2.11344 0.015498
184.387 0.162016 2.14178 0.0155172
184.596 0.163016 2.17091 0.0155392
184.806 0.164016 2.19906 0.0155598
185.024 0.165016 2.22842 0.0155629
185.243 0.166016 2.25682 0.0155784
185.46 0.167016 2.28652 0.01558
185.677 0.168016 2.3143 0.015593
185.9 0.169016 2.34347 0.0155876
186.121 0.170016 2.37122 0.01561
186.344 0.171016 2.40022 0.0156481
186.566 0.172016 2.42961 0.015681
186.784 0.173016 2.45947 0.015713
187.003 0.174016 2.49004 0.0157461
187.218 0.175016 2.52156 0.0157923
187.434 0.176016 2.5545 0.0158311
187.646 0.177016 2.58761 0.0158699
187.854 0.178016 2.62077 0.0159077
188.057 0.179016 2.65396 0.0159489
188.257 0.180016 2.68749 0.0159883
188.451 0.181016 2.72075 0.0160238
188.652 0.182016 2.75398 0.0160557
188.864 0.183016 2.78674 0.0162231
189.069 0.184016 2.82004 0.0163714
189.274 0.185016 2.85302 0.0165012
189.482 0.186016 2.88577 0.0166245
189.693 0.187016 2.9183 0.0167462
189.895 0.188016 2.95027 0.016864
190.089 0.189016 2.98106 0.0169497
190.282 0.190016 3.01252 0.0170594
190.471 0.191016 3.04381 0.0171658
190.657 0.192016 3.07502 0.0172711
190.845 0.193016 3.10625 0.0173782
191.032 0.194016 3.13872 0.0174894
191.215 0.195016 3.17126 0.0175994
191.395 0.196016 3.20413 0.0177122
191.571 0.197016 3.23751 0.017825
191.743 0.198016 3.27103 0.0179336
191.913 0.199016 3.30515 0.018041
192.078 0.200016 3.33954 0.0181427
192.238 0.201016 3.37418 0.0182487
192.399 0.202016 3.40976 0.0183614
192.552 0.203016 3.44531 0.0184805
192.705 0.204016 3.48195 0.0186086
192.843 0.205016 3.52041 0.0187732
192.985 0.206016 3.55184 0.0187932
193.213 0.207016 3.5853 0.0188344
193.424 0.208016 3.62045 0.0187467
193.616 0.209016 3.65647 0.0186584
193.793 0.210016 3.69248 0.0185462
193.852 0.211016 3.75623 0.0179729
193.907 0.212016 3.82554 0.0176514
193.949 0.213016 3.89612 0.0173579
194.003 0.214016 3.96547 0.0170719
194.072 0.215016 4.03381 0.0167869
194.144 0.216016 4.10306 0.0164852
194.19 0.217016 4.18373 0.0161376
194.231 0.218016 4.26671 0.0157228
194.263 0.219016 4.34942 0.0153069
194.204 0.220016 4.44162 0.0148514
194.158 0.221016 4.53796 0.0144356
194.175 0.222016 4.60048 0.0142217
194.275 0.223016 4.65723 0.014001
194.35 0.224016 4.71471 0.013783
194.407 0.225016 4.77283 0.0135665
194.483 0.226016 4.82088 0.0133819
194.589 0.227016 4.86822 0.0131886
194.68 0.228016 4.91933 0.012971
194.781 0.229016 4.96138 0.0127858
194.896 0.230016 5.00396 0.0125852
194.993 0.231016 5.04288 0.0123756
195.119 0.232016 5.08445 0.0122413
195.22 0.233016 5.12516 0.0121088
195.327 0.234016 5.16681 0.0119551
195.425 0.235016 5.20526 0.0118258
195.53 0.236016 5.24414 0.0116986
195.625 0.237016 5.28029 0.0115881
195.725 0.238016 5.31695 0.0114677
195.816 0.239016 5.35018 0.0113637
195.91 0.240016 5.38393 0.0112496
195.999 0.241016 5.41422 0.0111526
196.092 0.242016 5.44426 0.0110444
196.186 0.243016 5.4722 0.0109495
196.29 0.244016 5.50051 0.0108526
196.389 0.245016 5.52719 0.0107553
196.494 0.246016 5.55353 0.0106608
196.587 0.247016 5.57961 0.0105767
196.677 0.248016 5.60502 0.0104939
196.862 0.249016 5.62663 0.01025
197.022 0.250016 5.6439 0.0101158
197.132 0.251016 5.66237 0.00996745
197.211 0.252016 5.68213 0.00980073
197.267 0.253016 5.70408 0.00963401
197.347 0.254016 5.72845 0.00927944
197.531 0.255016 5.75056 0.00922789
197.562 0.256016 5.77361 0.00907262
197.594 0.257016 5.79803 0.00889727
197.638 0.258016 5.82161 0.00869494
197.714 0.259016 5.84452 0.00856667
197.764 0.260016 5.86648 0.00845144
197.806 0.261016 5.8869 0.00828356
197.851 0.262016 5.90656 0.00812067
197.897 0.263016 5.92562 0.00797605
197.95 0.264016 5.94429 0.00783504
198.047 0.265016 5.95996 0.00773514
198.241 0.266016 5.97387 0.00761711
198.387 0.267016 5.98967 0.00746449
198.513 0.268016 6.00619 0.00731692
198.619 0.269016 6.02273 0.00718242
198.71 0.270016 6.03901 0.00704962
198.788 0.271016 6.05456 0.00692277
198.856 0.272016 6.07035 0.00679522
198.918 0.273016 6.08618 0.00666877
198.975 0.274016 6.1019 0.00654424
199.027 0.275016 6.11746 0.00642045
199.075 0.276016 6.13269 0.00629882
199.118 0.277016 6.14756 0.00617894
199.161 0.278016 6.16218 0.00606027
199.202 0.279016 6.17783 0.00594868
199.239 0.280016 6.19264 0.00584112
199.274 0.281016 6.20754 0.00573369
199.306 0.282016 6.22211 0.00562754
199.342 0.283016 6.23846 0.00551665
199.371 0.284016 6.2537 0.00541312
199.397 0.285016 6.26839 0.00530783
199.421 0.286016 6.28294 0.0052031
199.446 0.287016 6.29774 0.00509795
199.476 0.288016 6.31407 0.0049886
199.511 0.289016 6.33295 0.00487151
199.545 0.290016 6.35226 0.00475267
199.578 0.291016 6.37186 0.00463323
199.608 0.292016 6.39121 0.00451438
199.638 0.293016 6.41083 0.00439375
199.666 0.294016 6.43111 0.00427049
199.697 0.295016 6.45179 0.0041478
199.726 0.296016 6.47196 0.00402719
199.758 0.297016 6.49287 0.00389705
199.792 0.298016 6.51428 0.00375293
199.818 0.299016 6.53434 0.00361831
199.839 0.300016 6.55377 0.0034891
199.861 0.301016 6.57283 0.00335978
199.885 0.302016 6.59259 0.00322734
199.904 0.303016 6.61135 0.00309855
199.924 0.304016 6.63126 0.0029618
199.939 0.305016 6.65141 0.00282405
199.955 0.306016 6.67098 0.00271557
199.962 0.307016 6.69024 0.00260685
199.972 0.308016 6.71009 0.00249804
199.983 0.309016 6.73052 0.00238572
199.994 0.310016 6.7509 0.0022748
200.002 0.311016 6.77068 0.00216528
200.005 0.312016 6.78988 0.00205831
200.006 0.313016 6.8083 0.00195284
200.006 0.314016 6.82718 0.00184441
200.005 0.315016 6.84517 0.00174129
200.001 0.316016 6.8646 0.00163897
199.992 0.317016 6.88357 0.00153928
199.984 0.318016 6.903 0.00143637
199.975 0.319016 6.92393 0.00133355
199.96 0.320016 6.94426 0.00123267
199.944 0.321016 6.96355 0.00113307
199.924 0.322016 6.98291 0.00103436
199.904 0.323016 7.00134 0.00093888
199.881 0.324016 7.01953 0.000843207
199.857 0.325016 7.03726 0.000749604
199.834 0.326016 7.05887 0.000653069
199.784 0.327016 7.07163 0.000604915
199.861 0.328016 7.0893 0.000525234
199.877 0.329016 7.10643 0.000429551
199.855 0.330016 7.12453 0.000332335
199.802 0.331016 7.14352 0.000235047
199.729 0.332016 7.16364 0.000136643
199.45 0.333016 7.19366 3.31038e-05
199.437 0.334016 7.21536 -9.13808e-06
199.384 0.335016 7.23959 -4.82902e-05
199.326 0.336016 7.26455 -0.000106772
199.25 0.337016 7.28812 -0.000193678
199.169 0.338016 7.31193 -0.000278748
199.084 0.339016 7.33579 -0.000339867
199.007 0.340016 7.35996 -0.000399867
198.938 0.341016 7.38402 -0.000460298
198.87 0.342016 7.41099 -0.000523607
198.8 0.343016 7.4397 -0.000589403
198.727 0.344016 7.46791 -0.000657364
198.651 0.345016 7.49656 -0.000725605
198.604 0.346016 7.53472 -0.000818304
198.525 0.347016 7.57722 -0.000927927
198.383 0.348016 7.61581 -0.00101837
198.275 0.349016 7.65678 -0.00109663
198.159 0.350016 7.69715 -0.00117152
198.042 0.351016 7.73754 -0.00124702
197.917 0.352016 7.77705 -0.00131845
197.8 0.353016 7.81894 -0.001393
197.664 0.354016 7.86117 -0.00146799
197.537 0.355016 7.90569 -0.00154045
197.406 0.356016 7.95049 -0.00161073
197.274 0.357016 7.99645 -0.00167946
197.14 0.358016 8.04152 -0.00174514
197.006 0.359016 8.0863 -0.00181117
196.866 0.360016 8.13288 -0.00188111
196.729 0.361016 8.18016 -0.00195082
196.595 0.362016 8.22577 -0.00201844
196.446 0.363016 8.27574 -0.00208986
196.287 0.364016 8.32713 -0.00216019
196.126 0.365016 8.37856 -0.00223025
195.965 0.366016 8.43036 -0.00230543
